       
 ,
 -.2000427 -1.219482E-06 
 -.1980591 -9.924316E-07 
 -.1960754 -7.983398E-07 
 -.1940918 -6.808472E-07 
 -.1921082 -5.969238E-07 
 -.1901245 -5.032348E-07 
 -.1881409 -4.296875E-07 
 -.1861572 -3.652954E-07 
 -.1841736 -3.097534E-07 
 -.1821899 -2.505493E-07 
 -.1802063 -1.99585E-07 
 -.1782227 -1.544189E-07 
 -.176239 -1.266174E-07 
 -.1742554 -8.157349E-08 
 -.1722717 -3.652954E-08 
 -.1702881  1.403809E-09 
 -.1683044  3.372192E-08 
 -.1663208  6.933594E-08 
 -.1643372  9.500122E-08 
 -.1623535  1.257629E-07 
 -.1603699  1.564941E-07 
 -.1583862  1.763E-07 
 -.1564026  2.030945E-07 
 -.1544189  2.281799E-07 
 -.1524353  2.541199E-07 
 -.1504517  2.800598E-07 
 -.148468  2.966614E-07 
 -.1464844  3.173218E-07 
 -.1445007  3.311157E-07 
 -.1425171  3.491211E-07 
 -.1405334  3.707886E-07 
 -.1385498  3.897095E-07 
 -.1365662  4.025269E-07 
 -.1345825  4.180908E-07 
 -.1325989  4.3396E-07 
 -.1306152  4.504394E-07 
 -.1286316  4.63562E-07 
 -.1266479  4.812622E-07 
 -.1246643  4.992676E-07 
 -.1226807  5.084228E-07 
 -.120697  5.233765E-07 
 -.1187134  5.337524E-07 
 -.1167297  5.438233E-07 
 -.1147461  5.541992E-07 
 -.1127625  5.709839E-07 
 -.1107788  5.731201E-07 
 -.1087952  5.853271E-07 
 -.1068115  5.963135E-07 
 -.1048279  6.021118E-07 
 -.1028442  6.188965E-07 
 -.1008606  6.228638E-07 
 -9.887695E-02  6.344604E-07 
 -9.689331E-02  6.365967E-07 
 -9.490967E-02  6.47583E-07 
 -9.292603E-02  6.5094E-07 
 -9.094238E-02  6.625366E-07 
 -8.895874E-02  6.747437E-07 
 -.0869751  6.835937E-07 
 -8.499146E-02  6.881714E-07 
 -8.300781E-02  6.973266E-07 
 -8.102417E-02  7.073975E-07 
 -7.904053E-02  7.070923E-07 
 -7.705688E-02  7.22351E-07 
 -7.507324E-02  7.290649E-07 
 -.0730896  7.409668E-07 
 -7.110596E-02  7.418823E-07 
 -6.912231E-02  7.580566E-07 
 -6.713867E-02  7.635498E-07 
 -6.515503E-02  7.736206E-07 
 -6.317139E-02  7.781982E-07 
 -6.118774E-02  7.922363E-07 
 -.0592041  7.946778E-07 
 -5.722046E-02  7.989502E-07 
 -5.523682E-02  8.056641E-07 
 -5.325317E-02  8.09021E-07 
 -5.126953E-02  8.132935E-07 
 -4.928589E-02  8.24585E-07 
 -4.730225E-02  8.331299E-07 
 -.0453186  8.303833E-07 
 -4.333496E-02  8.435059E-07 
 -4.135132E-02  8.554077E-07 
 -3.936768E-02  8.630371E-07 
 -3.738403E-02  8.731079E-07 
 -3.540039E-02  8.828735E-07 
 -3.341675E-02  8.856201E-07 
 -3.143311E-02  8.926392E-07 
 -2.944946E-02  9.048462E-07 
 -2.746582E-02  9.173584E-07 
 -2.548218E-02  9.216309E-07 
 -2.349854E-02  9.243774E-07 
 -2.151489E-02  9.353637E-07 
 -1.953125E-02  9.432983E-07 
 -1.754761E-02  9.573364E-07 
 -1.556396E-02  9.637452E-07 
 -1.358032E-02  9.741211E-07 
 -1.159668E-02  9.823608E-07 
 -9.613037E-03  9.866333E-07 
 -7.629395E-03  1.001282E-06 
 -5.645752E-03  1.010132E-06 
 -3.662109E-03  1.017456E-06 
 -1.678467E-03  1.031494E-06 
  3.051758E-04  1.035156E-06 
  2.288818E-03  1.048279E-06 
  4.272461E-03  1.055908E-06 
  6.256104E-03  1.066589E-06 
  8.239746E-03  1.071472E-06 
  1.022339E-02  1.077271E-06 
  1.220703E-02  1.083374E-06 
  1.419067E-02  1.089783E-06 
  1.617432E-02  1.095886E-06 
  1.815796E-02  1.104736E-06 
  .0201416  1.110535E-06 
  2.212524E-02  1.115112E-06 
  2.410889E-02  1.123047E-06 
  2.609253E-02  1.133728E-06 
  2.807617E-02  1.131592E-06 
  3.005981E-02  1.15448E-06 
  3.204346E-02  1.160889E-06 
  .0340271  1.170349E-06 
  3.601074E-02  1.176147E-06 
  3.799438E-02  1.185608E-06 
  3.997803E-02  1.18927E-06 
  4.196167E-02  1.198425E-06 
  4.394531E-02  1.197205E-06 
  4.592896E-02  1.207581E-06 
  .0479126  1.210938E-06 
  4.989624E-02  1.217651E-06 
  5.187988E-02  1.22345E-06 
  5.386353E-02  1.226807E-06 
  5.584717E-02  1.2323E-06 
  5.783081E-02  1.231079E-06 
  5.981445E-02  1.237183E-06 
  .0617981  1.247864E-06 
  6.378174E-02  1.252747E-06 
  6.576538E-02  1.257324E-06 
  6.774902E-02  1.260376E-06 
  6.973267E-02  1.270447E-06 
  7.171631E-02  1.279602E-06 
  7.369995E-02  1.280823E-06 
  7.568359E-02  1.285706E-06 
  7.766724E-02  1.286316E-06 
  7.965088E-02  1.287842E-06 
  8.163452E-02  1.293945E-06 
  8.361816E-02  1.303406E-06 
  8.560181E-02  1.309204E-06 
  8.758545E-02  1.307068E-06 
  8.956909E-02  1.316528E-06 
  9.155273E-02  1.318665E-06 
  9.353638E-02  1.31897E-06 
  9.552002E-02  1.323853E-06 
  9.750366E-02  1.325684E-06 
  .0994873  1.334839E-06 
  .1014709  1.329346E-06 
  .1034546  1.338501E-06 
  .1054382  1.337891E-06 
  .1074219  1.348877E-06 
  .1094055  1.351623E-06 
  .1113892  1.351623E-06 
  .1133728  1.360168E-06 
  .1153564  1.363525E-06 
  .1173401  1.368713E-06 
  .1193237  1.378174E-06 
  .1213074  1.377869E-06 
  .123291  1.38855E-06 
  .1252747  1.393127E-06 
  .1272583  1.39679E-06 
  .1292419  1.396179E-06 
  .1312256  1.404419E-06 
  .1332092  1.40625E-06 
  .1351929  1.414795E-06 
  .1371765  1.419067E-06 
  .1391602  1.421814E-06 
  .1411438  1.415405E-06 
  .1431274  1.423035E-06 
  .1451111  1.429138E-06 
  .1470947  1.43219E-06 
  .1490784  1.437378E-06 
  .151062  1.439514E-06 
  .1530457  1.441956E-06 
  .1550293  1.444702E-06 
  .1570129  1.449585E-06 
  .1589966  1.447449E-06 
  .1609802  1.453857E-06 
  .1629639  1.452637E-06 
  .1649475  1.451721E-06 
  .1669312  1.45874E-06 
  .1689148  1.454773E-06 
  .1708984  1.455383E-06 
  .1728821  1.455383E-06 
  .1748657  1.458435E-06 
  .1768494  1.461792E-06 
  .178833  1.455994E-06 
  .1808167  1.464844E-06 
  .1828003  1.461182E-06 
  .1847839  1.464539E-06 
  .1867676  1.465759E-06 
  .1887512  1.465759E-06 
  .1907349  1.46637E-06 
  .1927185  1.472778E-06 
  .1947021  1.473999E-06 
  .1966858  1.477356E-06 
  .1986694  1.47644E-06 
  .2006531  1.48346E-06 
  .2026367  1.491394E-06 
  .2046204  1.498718E-06 
  .206604  1.503296E-06 
  .2085876  1.51001E-06 
  .2105713  1.521912E-06 
  .2125549  1.530151E-06 
  .2145386  1.549988E-06 
  .2165222  1.560364E-06 
  .2185059  1.572876E-06 
  .2204895  1.59668E-06 
  .2224731  1.618347E-06 
  .2244568  1.645203E-06 
  .2264404  1.672058E-06 
  .2284241  1.699219E-06 
  .2304077  1.734314E-06 
  .2323914  1.781311E-06 
  .234375  1.82373E-06 
  .2363586  1.878052E-06 
  .2383423  1.93634E-06 
  .2403259  2.003479E-06 
  .2423096  2.071838E-06 
  .2442932  2.160644E-06 
  .2462769  2.247314E-06 
  .2482605  2.348328E-06 
  .2502441  2.458496E-06 
  .2522278  2.583313E-06 
  .2542114  2.715149E-06 
  .2561951  2.853699E-06 
  .2581787  3.006287E-06 
  .2601624  3.179016E-06 
  .262146  3.34137E-06 
  .2641296  3.516846E-06 
  .2661133  3.690796E-06 
  .2680969  3.873596E-06 
  .2700806  4.058533E-06 
  .2720642  4.233399E-06 
  .2740479  4.408264E-06 
  .2760315  4.570923E-06 
  .2780151  4.748535E-06 
  .2799988  4.891968E-06 
  .2819824  5.014038E-06 
  .2839661  5.126953E-06 
  .2859497  5.221558E-06 
  .2879333  5.303955E-06 
  .289917  5.36499E-06 
  .2919006  5.410767E-06 
  .2938843  5.441284E-06 
  .2958679  5.459595E-06 
  .2978516  5.465698E-06 
  .2998352  5.456543E-06 
  .3018188  5.444336E-06 
  .3038025  5.429077E-06 
  .3057861  5.401611E-06 
  .3077698  5.377197E-06 
  .3097534  5.343628E-06 
  .3117371  5.307007E-06 
  .3137207  5.273438E-06 
  .3157043  5.233765E-06 
  .317688  5.203247E-06 
  .3196716  5.160523E-06 
  .3216553  5.123901E-06 
  .3236389  5.093384E-06 
  .3256226  5.059815E-06 
  .3276062  5.035401E-06 
  .3295898  4.998779E-06 
  .3315735  4.974365E-06 
  .3335571  4.940796E-06 
  .3355408  4.916382E-06 
  .3375244  4.898071E-06 
  .3395081  4.870606E-06 
  .3414917  4.852295E-06 
  .3434753  4.804688E-06 
  .345459  4.815674E-06 
  .3474426  4.770508E-06 
  .3494263  4.75708E-06 
  .3514099  4.746704E-06 
  .3533936  4.737549E-06 
  .3553772  4.724121E-06 
  .3573608  4.711609E-06 
  .3593445  4.708862E-06 
  .3613281  4.707031E-06 
  .3633118  4.689331E-06 
  .3652954  4.690857E-06 
  .3672791  4.685059E-06 
  .3692627  4.678955E-06 
  .3712463  4.678955E-06 
  .37323  4.676208E-06 
  .3752136  4.679565E-06 
  .3771973  4.678955E-06 
  .3791809  4.673767E-06 
  .3811646  4.677124E-06 
  .3831482  4.682617E-06 
  .3851318  4.681702E-06 
  .3871155  4.676208E-06 
  .3890991  4.678345E-06 
  .3910828  4.677124E-06 
  .3930664  4.681091E-06 
  .39505  4.672546E-06 
  .3970337  4.682922E-06 
  .3990173  4.671631E-06 
  .401001  4.675293E-06 
  .4029846  4.671021E-06 
  .4049683  4.665527E-06 
  .4069519  4.671021E-06 
  .4089355  4.657288E-06 
  .4109192  4.660645E-06 
  .4129028  4.65271E-06 
  .4148865  4.644775E-06 
  .4168701  4.631042E-06 
  .4188538  4.623108E-06 
  .4208374  4.613953E-06 
  .422821  4.602661E-06 
  .4248047  4.592285E-06 
  .4267883  4.578857E-06 
  .428772  4.567871E-06 
  .4307556  4.550476E-06 
  .4327393  4.530335E-06 
  .4347229  4.515381E-06 
  .4367065  4.495239E-06 
  .4386902  4.481812E-06 
  .4406738  4.458008E-06 
  .4426575  4.443054E-06 
  .4446411  4.419251E-06 
  .4466248  4.395447E-06 
  .4486084  4.379272E-06 
  .450592  4.360046E-06 
  .4525757  4.336853E-06 
  .4545593  4.321899E-06 
  .456543  4.294128E-06 
  .4585266  4.280395E-06 
  .4605103  4.264832E-06 
  .4624939  4.245911E-06 
  .4644775  4.2276E-06 
  .4664612  4.207153E-06 
  .4684448  4.197388E-06 
  .4704285  4.182434E-06 
  .4724121  4.156799E-06 
  .4743958  4.143677E-06 
  .4763794  4.12384E-06 
  .478363  4.104309E-06 
  .4803467  4.08905E-06 
  .4823303  4.072876E-06 
  .484314  4.057923E-06 
  .4862976  4.04602E-06 
  .4882813  4.02832E-06 
  .4902649  4.016724E-06 
  .4922485  4.000854E-06 
  .4942322  3.988953E-06 
  .4962158  3.974609E-06 
  .4981995  3.95874E-06 
  .5001831  3.950806E-06 
  .5021667  3.935852E-06 
  .5041504  3.927002E-06 
  .506134  3.908996E-06 
  .5081177  3.898315E-06 
  .5101013  3.882141E-06 
  .512085  3.879395E-06 
  .5140686  3.867798E-06 
  .5160522  3.85376E-06 
  .5180359  3.847046E-06 
  .5200195  3.834534E-06 
  .5220032  3.824158E-06 
  .5239868  3.811645E-06 
  .5259705  3.804016E-06 
  .5279541  3.800964E-06 
  .5299377  3.789062E-06 
  .5319214  3.783874E-06 
  .533905  3.772278E-06 
  .5358887  3.76709E-06 
  .5378723  3.765259E-06 
  .539856  3.756714E-06 
  .5418396  3.75061E-06 
  .5438232  3.747559E-06 
  .5458069  3.744812E-06 
  .5477905  3.74176E-06 
  .5497742  3.740234E-06 
  .5517578  3.737183E-06 
  .5537415  3.736267E-06 
  .5557251  3.732605E-06 
  .5577087  3.738098E-06 
  .5596924  3.730469E-06 
  .561676  3.733521E-06 
  .5636597  3.737183E-06 
  .5656433  3.740845E-06 
  .567627  3.740845E-06 
  .5696106  3.74115E-06 
  .5715942  3.74054E-06 
  .5735779  3.744812E-06 
  .5755615  3.749695E-06 
  .5775452  3.757629E-06 
  .5795288  3.763123E-06 
  .5815125  3.760986E-06 
  .5834961  3.766479E-06 
  .5854797  3.774719E-06 
  .5874634  3.779907E-06 
  .589447  3.788757E-06 
  .5914307  3.795776E-06 
  .5934143  3.804016E-06 
  .5953979  3.805237E-06 
  .5973816  3.813476E-06 
  .5993652  3.822937E-06 
  .6013489  3.832703E-06 
  .6033325  3.843384E-06 
  .6053162  3.848572E-06 
  .6072998  3.864441E-06 
  .6092834  3.874512E-06 
  .6112671  3.886719E-06 
  .6132507  3.898926E-06 
  .6152344  3.914795E-06 
  .617218  3.927307E-06 
  .6192017  3.945007E-06 
  .6211853  3.960571E-06 
  .6231689  3.973694E-06 
  .6251526  3.992004E-06 
  .6271362  4.013367E-06 
  .6291199  4.035644E-06 
  .6311035  4.055481E-06 
  .6330872  4.076843E-06 
  .6350708  4.103699E-06 
  .6370544  4.13147E-06 
  .6390381  4.151917E-06 
  .6410217  4.181824E-06 
  .6430054  4.212036E-06 
  .644989  4.240113E-06 
  .6469727  4.275208E-06 
  .6489563  4.311523E-06 
  .6509399  4.345703E-06 
  .6529236  4.387512E-06 
  .6549072  4.424744E-06 
  .6568909  4.463806E-06 
  .6588745  4.505921E-06 
  .6608582  4.54773E-06 
  .6628418  4.598389E-06 
  .6648254  4.651184E-06 
  .6668091  4.70459E-06 
  .6687927  4.760132E-06 
  .6707764  4.858398E-06 
  .67276  4.925537E-06 
  .6747437  5.004883E-06 
  .6767273  5.08728E-06 
  .6787109  5.175781E-06 
  .6806946  5.279541E-06 
  .6826782  5.39856E-06 
  .6846619  5.541992E-06 
  .6866455  5.69458E-06 
  .6886292  5.874634E-06 
  .6906128  6.051636E-06 
  .6925964  6.216431E-06 
  .6945801  6.369019E-06 
  .6965637  6.469726E-06 
  .6985474  6.54602E-06 
  .700531  6.591797E-06 
  .6985474  5.545044E-06 
  .6965637  4.888916E-06 
  .6945801  4.399719E-06 
  .6925964  3.99292E-06 
  .6906128  3.656006E-06 
  .6886292  3.364563E-06 
  .6866455  3.108215E-06 
  .6846619  2.876587E-06 
  .6826782  2.681275E-06 
  .6806946  2.505188E-06 
  .6787109  2.337646E-06 
  .6767273  2.199707E-06 
  .6747437  2.066345E-06 
  .67276  1.948853E-06 
  .6707764  1.834717E-06 
  .6687927  1.732788E-06 
  .6668091  1.641846E-06 
  .6648254  1.552124E-06 
  .6628418  1.477356E-06 
  .6608582  1.403198E-06 
  .6588745  1.33606E-06 
  .6568909  1.271973E-06 
  .6549072  1.210022E-06 
  .6529236  1.152954E-06 
  .6509399  1.099548E-06 
  .6489563  1.045837E-06 
  .6469727  1.002197E-06 
  .644989  9.579468E-07 
  .6430054  9.140015E-07 
  .6410217  8.66394E-07 
  .6390381  8.279419E-07 
  .6370544  7.93457E-07 
  .6350708  7.537842E-07 
  .6330872  7.208252E-07 
  .6311035  6.832886E-07 
  .6291199  6.56128E-07 
  .6271362  6.143188E-07 
  .6251526  5.899048E-07 
  .6231689  5.615234E-07 
  .6211853  5.297852E-07 
  .6192017  4.968261E-07 
  .617218  4.766846E-07 
  .6152344  4.46167E-07 
  .6132507  4.23584E-07 
  .6112671  4.037475E-07 
  .6092834  3.826904E-07 
  .6072998  3.457031E-07 
  .6053162  3.316345E-07 
  .6033325  3.052673E-07 
  .6013489  2.88147E-07 
  .5993652  2.694702E-07 
  .5973816  2.639771E-07 
  .5953979  2.44812E-07 
  .5934143  2.298889E-07 
  .5914307  2.115173E-07 
  .589447  2.038574E-07 
  .5874634  1.937256E-07 
  .5854797  1.791077E-07 
  .5834961  1.699219E-07 
  .5815125  1.628418E-07 
  .5795288  1.554871E-07 
  .5775452  1.44104E-07 
  .5755615  1.367188E-07 
  .5735779  1.333618E-07 
  .5715942  1.300964E-07 
  .5696106  1.237183E-07 
  .567627  1.182861E-07 
  .5656433  1.125183E-07 
  .5636597  1.064758E-07 
  .561676  1.054077E-07 
  .5596924  1.030884E-07 
  .5577087  9.796143E-08 
  .5557251  1.047363E-07 
  .5537415  1.015625E-07 
  .5517578  9.481811E-08 
  .5497742  9.121704E-08 
  .5477905  9.283448E-08 
  .5458069  8.721924E-08 
  .5438232  8.465576E-08 
  .5418396  8.21228E-08 
  .539856  8.111572E-08 
  .5378723  8.029175E-08 
  .5358887  7.333374E-08 
  .533905  7.250976E-08 
  .5319214  7.250976E-08 
  .5299377  7.281494E-08 
  .5279541  6.555176E-08 
  .5259705  6.491089E-08 
  .5239868  6.219482E-08 
  .5220032  6.103516E-08 
  .5200195  6.188965E-08 
  .5180359  6.161499E-08 
  .5160522  5.447388E-08 
  .5140686  5.541992E-08 
  .512085  4.91333E-08 
  .5101013  5.36499E-08 
  .5081177  5.227661E-08 
  .506134  4.962158E-08 
  .5041504  4.684448E-08 
  .5021667  4.293823E-08 
  .5001831  4.342651E-08 
  .4981995  3.970337E-08 
  .4962158  3.509522E-08 
  .4942322  3.735352E-08 
  .4922485  2.670288E-08 
  .4902649  2.636719E-08 
  .4882813  2.578735E-08 
  .4862976  2.371216E-08 
  .484314  1.885986E-08 
  .4823303  1.89209E-08 
  .4803467  1.452637E-08 
  .478363  4.577637E-09 
  .4763794  3.02124E-09 
  .4743958 -3.814697E-09 
  .4724121 -7.598877E-09 
  .4704285 -6.530762E-09 
  .4684448 -1.443481E-08 
  .4664612 -1.23291E-08 
  .4644775 -2.023315E-08 
  .4624939 -3.088379E-08 
  .4605103 -3.225708E-08 
  .4585266 -3.289795E-08 
  .456543 -4.229736E-08 
  .4545593 -4.681397E-08 
  .4525757 -4.797363E-08 
  .450592 -5.133057E-08 
  .4486084 -5.718994E-08 
  .4466248 -6.613159E-08 
  .4446411 -7.48291E-08 
  .4426575 -7.58667E-08 
  .4406738 -8.496094E-08 
  .4386902 -9.463501E-08 
  .4367065 -1.025085E-07 
  .4347229 -1.106567E-07 
  .4327393 -1.133728E-07 
  .4307556 -1.217957E-07 
  .428772 -1.263428E-07 
  .4267883 -1.361389E-07 
  .4248047 -1.443787E-07 
  .422821 -1.517334E-07 
  .4208374 -1.581116E-07 
  .4188538 -1.669006E-07 
  .4168701 -1.737366E-07 
  .4148865 -1.804199E-07 
  .4129028 -1.93573E-07 
  .4109192 -1.971435E-07 
  .4089355 -2.081299E-07 
  .4069519 -2.149353E-07 
  .4049683 -2.186279E-07 
  .4029846 -2.335205E-07 
  .401001 -2.44812E-07 
  .3990173 -2.477722E-07 
  .3970337 -2.587585E-07 
  .39505 -2.645874E-07 
  .3930664 -2.741699E-07 
  .3910828 -2.80426E-07 
  .3890991 -2.957153E-07 
  .3871155 -3.019714E-07 
  .3851318 -3.246155E-07 
  .3831482 -3.214722E-07 
  .3811646 -3.258057E-07 
  .3791809 -3.374634E-07 
  .3771973 -3.469238E-07 
  .3752136 -3.564453E-07 
  .37323 -3.701782E-07 
  .3712463 -3.820801E-07 
  .3692627 -3.915405E-07 
  .3672791 -4.025269E-07 
  .3652954 -4.168701E-07 
  .3633118 -4.257202E-07 
  .3613281 -4.376221E-07 
  .3593445 -4.51355E-07 
  .3573608 -4.647827E-07 
  .3553772 -4.742432E-07 
  .3533936 -4.867554E-07 
  .3514099 -4.977417E-07 
  .3494263 -5.12085E-07 
  .3474426 -5.206299E-07 
  .345459 -5.410766E-07 
  .3434753 -5.496216E-07 
  .3414917 -5.645752E-07 
  .3395081 -5.773926E-07 
  .3375244 -5.969238E-07 
  .3355408 -6.085205E-07 
  .3335571 -6.298828E-07 
  .3315735 -6.512451E-07 
  .3295898 -6.692505E-07 
  .3276062 -6.970215E-07 
  .3256226 -7.241821E-07 
  .3236389 -7.476806E-07 
  .3216553 -7.843017E-07 
  .3196716 -8.187866E-07 
  .317688 -8.57544E-07 
  .3157043 -8.990478E-07 
  .3137207 -9.436035E-07 
  .3117371 -1.002808E-06 
  .3097534 -1.05835E-06 
  .3077698 -1.124268E-06 
  .3057861 -1.194153E-06 
  .3038025 -1.274109E-06 
  .3018188 -1.370239E-06 
  .2998352 -1.461487E-06 
  .2978516 -1.574402E-06 
  .2958679 -1.688538E-06 
  .2938843 -1.815491E-06 
  .2919006 -1.958923E-06 
  .289917 -2.113342E-06 
  .2879333 -2.270813E-06 
  .2859497 -2.441406E-06 
  .2839661 -2.610474E-06 
  .2819824 -2.802124E-06 
  .2799988 -2.974548E-06 
  .2780151 -3.155518E-06 
  .2760315 -3.352051E-06 
  .2740479 -3.516235E-06 
  .2720642 -3.683167E-06 
  .2700806 -3.830567E-06 
  .2680969 -3.979187E-06 
  .2661133 -4.11438E-06 
  .2641296 -4.220276E-06 
  .262146 -4.324341E-06 
  .2601624 -4.397278E-06 
  .2581787 -4.461365E-06 
  .2561951 -4.505005E-06 
  .2542114 -4.537659E-06 
  .2522278 -4.553223E-06 
  .2502441 -4.561157E-06 
  .2482605 -4.544678E-06 
  .2462769 -4.527588E-06 
  .2442932 -4.504089E-06 
  .2423096 -4.469604E-06 
  .2403259 -4.431152E-06 
  .2383423 -4.390869E-06 
  .2363586 -4.359741E-06 
  .234375 -4.313965E-06 
  .2323914 -4.273071E-06 
  .2304077 -4.222107E-06 
  .2284241 -4.173889E-06 
  .2264404 -4.136352E-06 
  .2244568 -4.100342E-06 
  .2224731 -4.064942E-06 
  .2204895 -4.024963E-06 
  .2185059 -3.995056E-06 
  .2165222 -3.962097E-06 
  .2145386 -3.930054E-06 
  .2125549 -3.899536E-06 
  .2105713 -3.874512E-06 
  .2085876 -3.848877E-06 
  .206604 -3.824463E-06 
  .2046204 -3.799133E-06 
  .2026367 -3.779297E-06 
  .2006531 -3.761292E-06 
  .1986694 -3.737183E-06 
  .1966858 -3.72467E-06 
  .1947021 -3.710327E-06 
  .1927185 -3.694763E-06 
  .1907349 -3.683167E-06 
  .1887512 -3.670654E-06 
  .1867676 -3.661804E-06 
  .1847839 -3.651428E-06 
  .1828003 -3.642578E-06 
  .1808167 -3.631592E-06 
  .178833 -3.627624E-06 
  .1768494 -3.614807E-06 
  .1748657 -3.612976E-06 
  .1728821 -3.604126E-06 
  .1708984 -3.604126E-06 
  .1689148 -3.599853E-06 
  .1669312 -3.590698E-06 
  .1649475 -3.586731E-06 
  .1629639 -3.583069E-06 
  .1609802 -3.582764E-06 
  .1589966 -3.574829E-06 
  .1570129 -3.571472E-06 
  .1550293 -3.568115E-06 
  .1530457 -3.560181E-06 
  .151062 -3.561401E-06 
  .1490784 -3.55835E-06 
  .1470947 -3.555298E-06 
  .1451111 -3.551025E-06 
  .1431274 -3.55072E-06 
  .1411438 -3.543396E-06 
  .1391602 -3.538513E-06 
  .1371765 -3.534851E-06 
  .1351929 -3.537903E-06 
  .1332092 -3.527222E-06 
  .1312256 -3.52356E-06 
  .1292419 -3.520508E-06 
  .1272583 -3.51532E-06 
  .1252747 -3.508911E-06 
  .123291 -3.504639E-06 
  .1213074 -3.498535E-06 
  .1193237 -3.499451E-06 
  .1173401 -3.492432E-06 
  .1153564 -3.486633E-06 
  .1133728 -3.483887E-06 
  .1113892 -3.477783E-06 
  .1094055 -3.472595E-06 
  .1074219 -3.467407E-06 
  .1054382 -3.457642E-06 
  .1034546 -3.457031E-06 
  .1014709 -3.44696E-06 
  .0994873 -3.442078E-06 
  9.750366E-02 -3.439636E-06 
  9.552002E-02 -3.427734E-06 
  9.353638E-02 -3.418579E-06 
  9.155273E-02 -3.408508E-06 
  8.956909E-02 -3.406372E-06 
  8.758545E-02 -3.397522E-06 
  8.560181E-02 -3.384094E-06 
  8.361816E-02 -3.375549E-06 
  8.163452E-02 -3.364563E-06 
  7.965088E-02 -3.354492E-06 
  7.766724E-02 -3.353271E-06 
  7.568359E-02 -3.336487E-06 
  7.369995E-02 -3.328247E-06 
  7.171631E-02 -3.319702E-06 
  6.973267E-02 -3.311462E-06 
  6.774902E-02 -3.29834E-06 
  6.576538E-02 -3.283692E-06 
  6.378174E-02 -3.273621E-06 
  .0617981 -3.26416E-06 
  5.981445E-02 -3.257446E-06 
  5.783081E-02 -3.24646E-06 
  5.584717E-02 -3.237915E-06 
  5.386353E-02 -3.224487E-06 
  5.187988E-02 -3.213806E-06 
  4.989624E-02 -3.203735E-06 
  .0479126 -3.191528E-06 
  4.592896E-02 -3.184204E-06 
  4.394531E-02 -3.179016E-06 
  4.196167E-02 -3.164368E-06 
  3.997803E-02 -3.148499E-06 
  3.799438E-02 -3.141174E-06 
  3.601074E-02 -3.130493E-06 
  .0340271 -3.114319E-06 
  3.204346E-02 -3.107605E-06 
  3.005981E-02 -3.092346E-06 
  2.807617E-02 -3.080139E-06 
  2.609253E-02 -3.075867E-06 
  2.410889E-02 -3.067017E-06 
  2.212524E-02 -3.05481E-06 
  .0201416 -3.042908E-06 
  1.815796E-02 -3.034973E-06 
  1.617432E-02 -3.022766E-06 
  1.419067E-02 -3.013E-06 
  1.220703E-02 -3.008423E-06 
  1.022339E-02 -2.993774E-06 
  8.239746E-03 -2.995911E-06 
  6.256104E-03 -2.98584E-06 
  4.272461E-03 -2.980652E-06 
  2.288818E-03 -2.964783E-06 
  3.051758E-04 -2.955017E-06 
 -1.678467E-03 -2.947693E-06 
 -3.662109E-03 -2.944946E-06 
 -5.645752E-03 -2.937622E-06 
 -7.629395E-03 -2.92572E-06 
 -9.613037E-03 -2.924805E-06 
 -1.159668E-02 -2.922363E-06 
 -1.358032E-02 -2.909241E-06 
 -1.556396E-02 -2.910767E-06 
 -1.754761E-02 -2.907715E-06 
 -1.953125E-02 -2.903137E-06 
 -2.151489E-02 -2.895203E-06 
 -2.349854E-02 -2.89093E-06 
 -2.548218E-02 -2.896423E-06 
 -2.746582E-02 -2.898254E-06 
 -2.944946E-02 -2.901917E-06 
 -3.143311E-02 -2.90741E-06 
 -3.341675E-02 -2.909546E-06 
 -3.540039E-02 -2.915039E-06 
 -3.738403E-02 -2.923889E-06 
 -3.936768E-02 -2.937622E-06 
 -4.135132E-02 -2.948303E-06 
 -4.333496E-02 -2.964172E-06 
 -.0453186 -2.973328E-06 
 -4.730225E-02 -2.985229E-06 
 -4.928589E-02 -2.997131E-06 
 -5.126953E-02 -3.010864E-06 
 -5.325317E-02 -3.024292E-06 
 -5.523682E-02 -3.035583E-06 
 -5.722046E-02 -3.045654E-06 
 -.0592041 -3.056946E-06 
 -6.118774E-02 -3.06427E-06 
 -6.317139E-02 -3.07251E-06 
 -6.515503E-02 -3.080139E-06 
 -6.713867E-02 -3.084717E-06 
 -6.912231E-02 -3.088379E-06 
 -7.110596E-02 -3.086548E-06 
 -.0730896 -3.093262E-06 
 -7.507324E-02 -3.089295E-06 
 -7.705688E-02 -3.079529E-06 
 -7.904053E-02 -3.079224E-06 
 -8.102417E-02 -3.074036E-06 
 -8.300781E-02 -3.059998E-06 
 -8.499146E-02 -3.044128E-06 
 -.0869751 -3.025207E-06 
 -8.895874E-02 -3.012695E-06 
 -9.094238E-02 -2.988892E-06 
 -9.292603E-02 -2.974853E-06 
 -9.490967E-02 -2.957153E-06 
 -9.689331E-02 -2.933655E-06 
 -9.887695E-02 -2.919006E-06 
 -.1008606 -2.896729E-06 
 -.1028442 -2.882385E-06 
 -.1048279 -2.869568E-06 
 -.1068115 -2.858582E-06 
 -.1087952 -2.850342E-06 
 -.1107788 -2.840881E-06 
 -.1127625 -2.831116E-06 
 -.1147461 -2.82959E-06 
 -.1167297 -2.825317E-06 
 -.1187134 -2.828674E-06 
 -.120697 -2.817383E-06 
 -.1226807 -2.82196E-06 
 -.1246643 -2.820129E-06 
 -.1266479 -2.827453E-06 
 -.1286316 -2.832642E-06 
 -.1306152 -2.833252E-06 
 -.1325989 -2.840271E-06 
 -.1345825 -2.843323E-06 
 -.1365662 -2.8479E-06 
 -.1385498 -2.85553E-06 
 -.1405334 -2.863464E-06 
 -.1425171 -2.864075E-06 
 -.1445007 -2.866211E-06 
 -.1464844 -2.874756E-06 
 -.148468 -2.885742E-06 
 -.1504517 -2.891541E-06 
 -.1524353 -2.901611E-06 
 -.1544189 -2.914124E-06 
 -.1564026 -2.926331E-06 
 -.1583862 -2.936707E-06 
 -.1603699 -2.944336E-06 
 -.1623535 -2.958984E-06 
 -.1643372 -2.969055E-06 
 -.1663208 -2.99408E-06 
 -.1683044 -3.003235E-06 
 -.1702881 -3.014831E-06 
 -.1722717 -3.032532E-06 
 -.1742554 -3.054199E-06 
 -.176239 -3.071289E-06 
 -.1782227 -3.092651E-06 
 -.1802063 -3.112488E-06 
 -.1821899 -3.139648E-06 
 -.1841736 -3.15979E-06 
 -.1861572 -3.188782E-06 
 -.1881409 -3.214416E-06 
 -.1901245 -3.236084E-06 
 -.1921082 -3.272095E-06 
 -.1940918 -3.301087E-06 
 -.1960754 -3.334045E-06 
 -.1980591 -3.362732E-06 
